1001100000101101110011001101111
1011011000110001010011011101101
1000100011101110111101101101010
1010100001010111111100000101011
1011001111010011001000111011101
1011110101101000011001010001010
1000011111010011000110111101010
1011000111000110110110000110010
1001111011110111101111000110110
1000101110101111000100010110110
1000110000100101100011011111011
1001111001101111110110000110111
1000110100101001111101100101110
1001101100001001000111100110001
1010001110011101110011011001001
1011000011111000011101010101101
